102 179 92
14 106 71
188 20 102
121 210 214
74 202 87
116 99 103
151 130 149
52 1 87
235 157 37
129 191 187
20 160 203
57 21 252
235 88 48
218 58 254
169 219 187
207 14 189
189 174 189
50 107 54
243 63 248
130 228 50
134 20 72
166 17 131
88 59 13
241 249 8
89 52 129
83 91 110
187 198 171
252 7 174
34 205 80
163 49 103
131 1 253
133 53 105
3 53 220
190 145 217
43 161 201
189 227 13
94 47 14
199 205 214
251 248 189
39 212 207
236 81 110
52 23 153
216 251 187
123 236 40
156 14 44
64 88 70
8 87 128
235 135 215
62 138 242
80 135 162
162 32 122
4 233 230
249 40 27
134 200 71
11 161 32
47 246 150
61 215 36
98 171 103
213 218 34
192 226 100
174 205 130
0 4 217
246 254 141
102 26 136
206 14 89
41 123 204
178 62 95
230 240 51
252 95 131
221 228 150
230 236 142
170 28 35
12 159 70
186 242 85
27 65 169
44 61 184
244 133 27
27 107 43
83 29 189
74 127 249